// Jack Queen King 3
dimwishlist:item=410996590&perks=1926090094,1885400500,4071163871,4082225868
dimwishlist:item=410996590&perks=1926090095,1885400500,4071163871,4082225868
dimwishlist:item=410996590&perks=1926090094,1561002382,4071163871,4082225868
dimwishlist:item=410996590&perks=1926090095,1561002382,4071163871,4082225868
dimwishlist:item=410996590&perks=1926090094,1885400500,3523296417,4082225868
dimwishlist:item=410996590&perks=1926090095,1885400500,3523296417,4082225868
dimwishlist:item=410996590&perks=1926090094,1561002382,3523296417,4082225868
dimwishlist:item=410996590&perks=1926090095,1561002382,3523296417,4082225868
dimwishlist:item=410996590&perks=1926090094,1885400500,4071163871,3425386926
dimwishlist:item=410996590&perks=1926090095,1885400500,4071163871,3425386926
dimwishlist:item=410996590&perks=1926090094,1561002382,4071163871,3425386926
dimwishlist:item=410996590&perks=1926090095,1561002382,4071163871,3425386926
dimwishlist:item=410996590&perks=1926090094,1885400500,3523296417,3425386926
dimwishlist:item=410996590&perks=1926090095,1885400500,3523296417,3425386926
dimwishlist:item=410996590&perks=1926090094,1561002382,3523296417,3425386926
dimwishlist:item=410996590&perks=1926090095,1561002382,3523296417,3425386926
dimwishlist:item=410996590&perks=1926090094,1885400500,4071163871,3551326236
dimwishlist:item=410996590&perks=1926090095,1885400500,4071163871,3551326236
dimwishlist:item=410996590&perks=1926090094,1561002382,4071163871,3551326236
dimwishlist:item=410996590&perks=1926090095,1561002382,4071163871,3551326236
dimwishlist:item=410996590&perks=1926090094,1885400500,3523296417,3551326236
dimwishlist:item=410996590&perks=1926090095,1885400500,3523296417,3551326236
dimwishlist:item=410996590&perks=1926090094,1561002382,3523296417,3551326236
dimwishlist:item=410996590&perks=1926090095,1561002382,3523296417,3551326236

